global g m1 l1 lc1 I1 m2 l2 lc2 I2
g = 0;

m1 = 7.848;
l1 = 0.3;
lc1 = 0.1554;
I1 = 0.176;

m2 = 4.49;
l2 = 0.15;
lc2 = 0.0341;
I2 = 0.0411;